{
 "cells": [
  {
   "cell_type": "code",
   "execution_count": 10,
   "metadata": {},
   "outputs": [
    {
     "name": "stdout",
     "output_type": "stream",
     "text": [
      "c:\\Users\\Parth Doshi\\Desktop\\Project\\Metagenomic_Data_anaylsis\\Study_2_data/result_X201SC22101900-Z01-F019/05.BetaDiversity/beta_distance\\sample\n"
     ]
    }
   ],
   "source": [
    "# importing Library \n",
    "import os\n",
    "import pandas as pd\n",
    "import matplotlib.pyplot as plt\n",
    "import seaborn as sns\n",
    "import numpy as np \n",
    "\n",
    "# Path to get files\n",
    "current_dir = os.getcwd()\n",
    "relative_path = \"Study_2_data/result_X201SC22101900-Z01-F019/05.BetaDiversity/beta_distance\\sample\"\n",
    "beta_path = os.path.join(current_dir,relative_path)\n",
    "print(beta_path)"
   ]
  },
  {
   "cell_type": "code",
   "execution_count": 12,
   "metadata": {},
   "outputs": [
    {
     "data": {
      "text/html": [
       "<div>\n",
       "<style scoped>\n",
       "    .dataframe tbody tr th:only-of-type {\n",
       "        vertical-align: middle;\n",
       "    }\n",
       "\n",
       "    .dataframe tbody tr th {\n",
       "        vertical-align: top;\n",
       "    }\n",
       "\n",
       "    .dataframe thead th {\n",
       "        text-align: right;\n",
       "    }\n",
       "</style>\n",
       "<table border=\"1\" class=\"dataframe\">\n",
       "  <thead>\n",
       "    <tr style=\"text-align: right;\">\n",
       "      <th></th>\n",
       "      <th>Unnamed: 0</th>\n",
       "      <th>PRK01002</th>\n",
       "      <th>SMG01004</th>\n",
       "      <th>SMG01005</th>\n",
       "      <th>LPK01006</th>\n",
       "      <th>RRM01008</th>\n",
       "      <th>RSM01009</th>\n",
       "      <th>MSY01012</th>\n",
       "      <th>YRB01013</th>\n",
       "      <th>MML01014</th>\n",
       "      <th>...</th>\n",
       "      <th>SSM01021</th>\n",
       "      <th>TSY01022</th>\n",
       "      <th>DBM01024</th>\n",
       "      <th>VHW01025</th>\n",
       "      <th>SMG01026</th>\n",
       "      <th>KSS01027</th>\n",
       "      <th>KRL01028</th>\n",
       "      <th>PBB01029</th>\n",
       "      <th>DLD01030</th>\n",
       "      <th>PDD01031</th>\n",
       "    </tr>\n",
       "  </thead>\n",
       "  <tbody>\n",
       "    <tr>\n",
       "      <th>0</th>\n",
       "      <td>PRK01002</td>\n",
       "      <td>0.000000</td>\n",
       "      <td>0.777017</td>\n",
       "      <td>0.801919</td>\n",
       "      <td>0.618927</td>\n",
       "      <td>0.667686</td>\n",
       "      <td>0.766784</td>\n",
       "      <td>0.874892</td>\n",
       "      <td>0.681794</td>\n",
       "      <td>0.721466</td>\n",
       "      <td>...</td>\n",
       "      <td>0.865130</td>\n",
       "      <td>0.826528</td>\n",
       "      <td>0.643320</td>\n",
       "      <td>0.765828</td>\n",
       "      <td>0.772633</td>\n",
       "      <td>0.892300</td>\n",
       "      <td>0.788411</td>\n",
       "      <td>0.877109</td>\n",
       "      <td>0.820360</td>\n",
       "      <td>0.746483</td>\n",
       "    </tr>\n",
       "    <tr>\n",
       "      <th>1</th>\n",
       "      <td>SMG01004</td>\n",
       "      <td>0.777017</td>\n",
       "      <td>0.000000</td>\n",
       "      <td>0.785479</td>\n",
       "      <td>0.833486</td>\n",
       "      <td>0.694997</td>\n",
       "      <td>0.841260</td>\n",
       "      <td>0.893230</td>\n",
       "      <td>0.803500</td>\n",
       "      <td>0.804863</td>\n",
       "      <td>...</td>\n",
       "      <td>0.869858</td>\n",
       "      <td>0.871323</td>\n",
       "      <td>0.842624</td>\n",
       "      <td>0.806494</td>\n",
       "      <td>0.808661</td>\n",
       "      <td>0.922975</td>\n",
       "      <td>0.790106</td>\n",
       "      <td>0.876727</td>\n",
       "      <td>0.804417</td>\n",
       "      <td>0.811758</td>\n",
       "    </tr>\n",
       "    <tr>\n",
       "      <th>2</th>\n",
       "      <td>SMG01005</td>\n",
       "      <td>0.801919</td>\n",
       "      <td>0.785479</td>\n",
       "      <td>0.000000</td>\n",
       "      <td>0.829599</td>\n",
       "      <td>0.780841</td>\n",
       "      <td>0.902801</td>\n",
       "      <td>0.883239</td>\n",
       "      <td>0.783784</td>\n",
       "      <td>0.855406</td>\n",
       "      <td>...</td>\n",
       "      <td>0.826898</td>\n",
       "      <td>0.863715</td>\n",
       "      <td>0.851659</td>\n",
       "      <td>0.807323</td>\n",
       "      <td>0.814039</td>\n",
       "      <td>0.900252</td>\n",
       "      <td>0.745145</td>\n",
       "      <td>0.882220</td>\n",
       "      <td>0.863830</td>\n",
       "      <td>0.797867</td>\n",
       "    </tr>\n",
       "    <tr>\n",
       "      <th>3</th>\n",
       "      <td>LPK01006</td>\n",
       "      <td>0.618927</td>\n",
       "      <td>0.833486</td>\n",
       "      <td>0.829599</td>\n",
       "      <td>0.000000</td>\n",
       "      <td>0.832352</td>\n",
       "      <td>0.889879</td>\n",
       "      <td>0.839374</td>\n",
       "      <td>0.829230</td>\n",
       "      <td>0.855852</td>\n",
       "      <td>...</td>\n",
       "      <td>0.909492</td>\n",
       "      <td>0.889535</td>\n",
       "      <td>0.674479</td>\n",
       "      <td>0.885329</td>\n",
       "      <td>0.896060</td>\n",
       "      <td>0.829000</td>\n",
       "      <td>0.861166</td>\n",
       "      <td>0.874382</td>\n",
       "      <td>0.858159</td>\n",
       "      <td>0.837424</td>\n",
       "    </tr>\n",
       "    <tr>\n",
       "      <th>4</th>\n",
       "      <td>RRM01008</td>\n",
       "      <td>0.667686</td>\n",
       "      <td>0.694997</td>\n",
       "      <td>0.780841</td>\n",
       "      <td>0.832352</td>\n",
       "      <td>0.000000</td>\n",
       "      <td>0.754065</td>\n",
       "      <td>0.851838</td>\n",
       "      <td>0.671650</td>\n",
       "      <td>0.770938</td>\n",
       "      <td>...</td>\n",
       "      <td>0.856795</td>\n",
       "      <td>0.752485</td>\n",
       "      <td>0.832174</td>\n",
       "      <td>0.714176</td>\n",
       "      <td>0.733395</td>\n",
       "      <td>0.911136</td>\n",
       "      <td>0.745489</td>\n",
       "      <td>0.858758</td>\n",
       "      <td>0.745565</td>\n",
       "      <td>0.713093</td>\n",
       "    </tr>\n",
       "    <tr>\n",
       "      <th>5</th>\n",
       "      <td>RSM01009</td>\n",
       "      <td>0.766784</td>\n",
       "      <td>0.841260</td>\n",
       "      <td>0.902801</td>\n",
       "      <td>0.889879</td>\n",
       "      <td>0.754065</td>\n",
       "      <td>0.000000</td>\n",
       "      <td>0.906089</td>\n",
       "      <td>0.804302</td>\n",
       "      <td>0.767956</td>\n",
       "      <td>...</td>\n",
       "      <td>0.884679</td>\n",
       "      <td>0.816422</td>\n",
       "      <td>0.818537</td>\n",
       "      <td>0.785938</td>\n",
       "      <td>0.803971</td>\n",
       "      <td>0.922083</td>\n",
       "      <td>0.816244</td>\n",
       "      <td>0.879454</td>\n",
       "      <td>0.920197</td>\n",
       "      <td>0.721925</td>\n",
       "    </tr>\n",
       "    <tr>\n",
       "      <th>6</th>\n",
       "      <td>MSY01012</td>\n",
       "      <td>0.874892</td>\n",
       "      <td>0.893230</td>\n",
       "      <td>0.883239</td>\n",
       "      <td>0.839374</td>\n",
       "      <td>0.851838</td>\n",
       "      <td>0.906089</td>\n",
       "      <td>0.000000</td>\n",
       "      <td>0.796669</td>\n",
       "      <td>0.804162</td>\n",
       "      <td>...</td>\n",
       "      <td>0.792896</td>\n",
       "      <td>0.869272</td>\n",
       "      <td>0.823533</td>\n",
       "      <td>0.841094</td>\n",
       "      <td>0.872802</td>\n",
       "      <td>0.573100</td>\n",
       "      <td>0.893549</td>\n",
       "      <td>0.861217</td>\n",
       "      <td>0.930787</td>\n",
       "      <td>0.860567</td>\n",
       "    </tr>\n",
       "    <tr>\n",
       "      <th>7</th>\n",
       "      <td>YRB01013</td>\n",
       "      <td>0.681794</td>\n",
       "      <td>0.803500</td>\n",
       "      <td>0.783784</td>\n",
       "      <td>0.829230</td>\n",
       "      <td>0.671650</td>\n",
       "      <td>0.804302</td>\n",
       "      <td>0.796669</td>\n",
       "      <td>0.000000</td>\n",
       "      <td>0.629709</td>\n",
       "      <td>...</td>\n",
       "      <td>0.858006</td>\n",
       "      <td>0.774418</td>\n",
       "      <td>0.817900</td>\n",
       "      <td>0.670783</td>\n",
       "      <td>0.686216</td>\n",
       "      <td>0.844038</td>\n",
       "      <td>0.775310</td>\n",
       "      <td>0.850219</td>\n",
       "      <td>0.770021</td>\n",
       "      <td>0.677346</td>\n",
       "    </tr>\n",
       "    <tr>\n",
       "      <th>8</th>\n",
       "      <td>MML01014</td>\n",
       "      <td>0.721466</td>\n",
       "      <td>0.804863</td>\n",
       "      <td>0.855406</td>\n",
       "      <td>0.855852</td>\n",
       "      <td>0.770938</td>\n",
       "      <td>0.767956</td>\n",
       "      <td>0.804162</td>\n",
       "      <td>0.629709</td>\n",
       "      <td>0.000000</td>\n",
       "      <td>...</td>\n",
       "      <td>0.812497</td>\n",
       "      <td>0.817442</td>\n",
       "      <td>0.756996</td>\n",
       "      <td>0.798083</td>\n",
       "      <td>0.823954</td>\n",
       "      <td>0.759188</td>\n",
       "      <td>0.824616</td>\n",
       "      <td>0.837743</td>\n",
       "      <td>0.843707</td>\n",
       "      <td>0.784065</td>\n",
       "    </tr>\n",
       "    <tr>\n",
       "      <th>9</th>\n",
       "      <td>RRG01015</td>\n",
       "      <td>0.598091</td>\n",
       "      <td>0.795815</td>\n",
       "      <td>0.830084</td>\n",
       "      <td>0.666068</td>\n",
       "      <td>0.816320</td>\n",
       "      <td>0.893855</td>\n",
       "      <td>0.907848</td>\n",
       "      <td>0.797140</td>\n",
       "      <td>0.791507</td>\n",
       "      <td>...</td>\n",
       "      <td>0.889178</td>\n",
       "      <td>0.860274</td>\n",
       "      <td>0.628562</td>\n",
       "      <td>0.845899</td>\n",
       "      <td>0.858732</td>\n",
       "      <td>0.891523</td>\n",
       "      <td>0.791737</td>\n",
       "      <td>0.894110</td>\n",
       "      <td>0.813771</td>\n",
       "      <td>0.768632</td>\n",
       "    </tr>\n",
       "    <tr>\n",
       "      <th>10</th>\n",
       "      <td>AEO01016</td>\n",
       "      <td>0.880932</td>\n",
       "      <td>0.891688</td>\n",
       "      <td>0.882194</td>\n",
       "      <td>0.876230</td>\n",
       "      <td>0.896187</td>\n",
       "      <td>0.853724</td>\n",
       "      <td>0.844548</td>\n",
       "      <td>0.879390</td>\n",
       "      <td>0.772391</td>\n",
       "      <td>...</td>\n",
       "      <td>0.856362</td>\n",
       "      <td>0.905987</td>\n",
       "      <td>0.783058</td>\n",
       "      <td>0.891140</td>\n",
       "      <td>0.916208</td>\n",
       "      <td>0.784422</td>\n",
       "      <td>0.889140</td>\n",
       "      <td>0.865295</td>\n",
       "      <td>0.908243</td>\n",
       "      <td>0.862849</td>\n",
       "    </tr>\n",
       "    <tr>\n",
       "      <th>11</th>\n",
       "      <td>AR001017</td>\n",
       "      <td>0.877453</td>\n",
       "      <td>0.899500</td>\n",
       "      <td>0.900074</td>\n",
       "      <td>0.880321</td>\n",
       "      <td>0.894173</td>\n",
       "      <td>0.832696</td>\n",
       "      <td>0.811082</td>\n",
       "      <td>0.879403</td>\n",
       "      <td>0.798045</td>\n",
       "      <td>...</td>\n",
       "      <td>0.822947</td>\n",
       "      <td>0.908447</td>\n",
       "      <td>0.805704</td>\n",
       "      <td>0.891077</td>\n",
       "      <td>0.914092</td>\n",
       "      <td>0.799638</td>\n",
       "      <td>0.894122</td>\n",
       "      <td>0.917062</td>\n",
       "      <td>0.869998</td>\n",
       "      <td>0.867041</td>\n",
       "    </tr>\n",
       "    <tr>\n",
       "      <th>12</th>\n",
       "      <td>EMS01018</td>\n",
       "      <td>0.708174</td>\n",
       "      <td>0.743207</td>\n",
       "      <td>0.762222</td>\n",
       "      <td>0.839731</td>\n",
       "      <td>0.727341</td>\n",
       "      <td>0.816600</td>\n",
       "      <td>0.832581</td>\n",
       "      <td>0.655885</td>\n",
       "      <td>0.776380</td>\n",
       "      <td>...</td>\n",
       "      <td>0.816052</td>\n",
       "      <td>0.756818</td>\n",
       "      <td>0.835755</td>\n",
       "      <td>0.599926</td>\n",
       "      <td>0.624943</td>\n",
       "      <td>0.897092</td>\n",
       "      <td>0.746687</td>\n",
       "      <td>0.839540</td>\n",
       "      <td>0.777935</td>\n",
       "      <td>0.661531</td>\n",
       "    </tr>\n",
       "    <tr>\n",
       "      <th>13</th>\n",
       "      <td>APA01019</td>\n",
       "      <td>0.748483</td>\n",
       "      <td>0.734847</td>\n",
       "      <td>0.720396</td>\n",
       "      <td>0.839438</td>\n",
       "      <td>0.733305</td>\n",
       "      <td>0.846740</td>\n",
       "      <td>0.868214</td>\n",
       "      <td>0.710430</td>\n",
       "      <td>0.796159</td>\n",
       "      <td>...</td>\n",
       "      <td>0.821137</td>\n",
       "      <td>0.786257</td>\n",
       "      <td>0.788500</td>\n",
       "      <td>0.700082</td>\n",
       "      <td>0.708824</td>\n",
       "      <td>0.887202</td>\n",
       "      <td>0.733407</td>\n",
       "      <td>0.838724</td>\n",
       "      <td>0.833040</td>\n",
       "      <td>0.706403</td>\n",
       "    </tr>\n",
       "    <tr>\n",
       "      <th>14</th>\n",
       "      <td>MRK01020</td>\n",
       "      <td>0.731929</td>\n",
       "      <td>0.772073</td>\n",
       "      <td>0.763356</td>\n",
       "      <td>0.863970</td>\n",
       "      <td>0.635622</td>\n",
       "      <td>0.819532</td>\n",
       "      <td>0.840100</td>\n",
       "      <td>0.611778</td>\n",
       "      <td>0.758488</td>\n",
       "      <td>...</td>\n",
       "      <td>0.801384</td>\n",
       "      <td>0.734911</td>\n",
       "      <td>0.805526</td>\n",
       "      <td>0.647449</td>\n",
       "      <td>0.682202</td>\n",
       "      <td>0.872458</td>\n",
       "      <td>0.717643</td>\n",
       "      <td>0.851302</td>\n",
       "      <td>0.754932</td>\n",
       "      <td>0.654611</td>\n",
       "    </tr>\n",
       "    <tr>\n",
       "      <th>15</th>\n",
       "      <td>SSM01021</td>\n",
       "      <td>0.865130</td>\n",
       "      <td>0.869858</td>\n",
       "      <td>0.826898</td>\n",
       "      <td>0.909492</td>\n",
       "      <td>0.856795</td>\n",
       "      <td>0.884679</td>\n",
       "      <td>0.792896</td>\n",
       "      <td>0.858006</td>\n",
       "      <td>0.812497</td>\n",
       "      <td>...</td>\n",
       "      <td>0.000000</td>\n",
       "      <td>0.780407</td>\n",
       "      <td>0.784154</td>\n",
       "      <td>0.805844</td>\n",
       "      <td>0.817263</td>\n",
       "      <td>0.688548</td>\n",
       "      <td>0.787799</td>\n",
       "      <td>0.827599</td>\n",
       "      <td>0.906777</td>\n",
       "      <td>0.815555</td>\n",
       "    </tr>\n",
       "    <tr>\n",
       "      <th>16</th>\n",
       "      <td>TSY01022</td>\n",
       "      <td>0.826528</td>\n",
       "      <td>0.871323</td>\n",
       "      <td>0.863715</td>\n",
       "      <td>0.889535</td>\n",
       "      <td>0.752485</td>\n",
       "      <td>0.816422</td>\n",
       "      <td>0.869272</td>\n",
       "      <td>0.774418</td>\n",
       "      <td>0.817442</td>\n",
       "      <td>...</td>\n",
       "      <td>0.780407</td>\n",
       "      <td>0.000000</td>\n",
       "      <td>0.800607</td>\n",
       "      <td>0.667457</td>\n",
       "      <td>0.702210</td>\n",
       "      <td>0.894352</td>\n",
       "      <td>0.827700</td>\n",
       "      <td>0.464087</td>\n",
       "      <td>0.901858</td>\n",
       "      <td>0.771334</td>\n",
       "    </tr>\n",
       "    <tr>\n",
       "      <th>17</th>\n",
       "      <td>DBM01024</td>\n",
       "      <td>0.643320</td>\n",
       "      <td>0.842624</td>\n",
       "      <td>0.851659</td>\n",
       "      <td>0.674479</td>\n",
       "      <td>0.832174</td>\n",
       "      <td>0.818537</td>\n",
       "      <td>0.823533</td>\n",
       "      <td>0.817900</td>\n",
       "      <td>0.756996</td>\n",
       "      <td>...</td>\n",
       "      <td>0.784154</td>\n",
       "      <td>0.800607</td>\n",
       "      <td>0.000000</td>\n",
       "      <td>0.849098</td>\n",
       "      <td>0.878103</td>\n",
       "      <td>0.815326</td>\n",
       "      <td>0.855827</td>\n",
       "      <td>0.815504</td>\n",
       "      <td>0.860695</td>\n",
       "      <td>0.820067</td>\n",
       "    </tr>\n",
       "    <tr>\n",
       "      <th>18</th>\n",
       "      <td>VHW01025</td>\n",
       "      <td>0.765828</td>\n",
       "      <td>0.806494</td>\n",
       "      <td>0.807323</td>\n",
       "      <td>0.885329</td>\n",
       "      <td>0.714176</td>\n",
       "      <td>0.785938</td>\n",
       "      <td>0.841094</td>\n",
       "      <td>0.670783</td>\n",
       "      <td>0.798083</td>\n",
       "      <td>...</td>\n",
       "      <td>0.805844</td>\n",
       "      <td>0.667457</td>\n",
       "      <td>0.849098</td>\n",
       "      <td>0.000000</td>\n",
       "      <td>0.155414</td>\n",
       "      <td>0.911875</td>\n",
       "      <td>0.756130</td>\n",
       "      <td>0.805908</td>\n",
       "      <td>0.849416</td>\n",
       "      <td>0.684266</td>\n",
       "    </tr>\n",
       "    <tr>\n",
       "      <th>19</th>\n",
       "      <td>SMG01026</td>\n",
       "      <td>0.772633</td>\n",
       "      <td>0.808661</td>\n",
       "      <td>0.814039</td>\n",
       "      <td>0.896060</td>\n",
       "      <td>0.733395</td>\n",
       "      <td>0.803971</td>\n",
       "      <td>0.872802</td>\n",
       "      <td>0.686216</td>\n",
       "      <td>0.823954</td>\n",
       "      <td>...</td>\n",
       "      <td>0.817263</td>\n",
       "      <td>0.702210</td>\n",
       "      <td>0.878103</td>\n",
       "      <td>0.155414</td>\n",
       "      <td>0.000000</td>\n",
       "      <td>0.912270</td>\n",
       "      <td>0.748624</td>\n",
       "      <td>0.811936</td>\n",
       "      <td>0.840381</td>\n",
       "      <td>0.683973</td>\n",
       "    </tr>\n",
       "    <tr>\n",
       "      <th>20</th>\n",
       "      <td>KSS01027</td>\n",
       "      <td>0.892300</td>\n",
       "      <td>0.922975</td>\n",
       "      <td>0.900252</td>\n",
       "      <td>0.829000</td>\n",
       "      <td>0.911136</td>\n",
       "      <td>0.922083</td>\n",
       "      <td>0.573100</td>\n",
       "      <td>0.844038</td>\n",
       "      <td>0.759188</td>\n",
       "      <td>...</td>\n",
       "      <td>0.688548</td>\n",
       "      <td>0.894352</td>\n",
       "      <td>0.815326</td>\n",
       "      <td>0.911875</td>\n",
       "      <td>0.912270</td>\n",
       "      <td>0.000000</td>\n",
       "      <td>0.851991</td>\n",
       "      <td>0.833193</td>\n",
       "      <td>0.903566</td>\n",
       "      <td>0.862020</td>\n",
       "    </tr>\n",
       "    <tr>\n",
       "      <th>21</th>\n",
       "      <td>KRL01028</td>\n",
       "      <td>0.788411</td>\n",
       "      <td>0.790106</td>\n",
       "      <td>0.745145</td>\n",
       "      <td>0.861166</td>\n",
       "      <td>0.745489</td>\n",
       "      <td>0.816244</td>\n",
       "      <td>0.893549</td>\n",
       "      <td>0.775310</td>\n",
       "      <td>0.824616</td>\n",
       "      <td>...</td>\n",
       "      <td>0.787799</td>\n",
       "      <td>0.827700</td>\n",
       "      <td>0.855827</td>\n",
       "      <td>0.756130</td>\n",
       "      <td>0.748624</td>\n",
       "      <td>0.851991</td>\n",
       "      <td>0.000000</td>\n",
       "      <td>0.865295</td>\n",
       "      <td>0.837692</td>\n",
       "      <td>0.745603</td>\n",
       "    </tr>\n",
       "    <tr>\n",
       "      <th>22</th>\n",
       "      <td>PBB01029</td>\n",
       "      <td>0.877109</td>\n",
       "      <td>0.876727</td>\n",
       "      <td>0.882220</td>\n",
       "      <td>0.874382</td>\n",
       "      <td>0.858758</td>\n",
       "      <td>0.879454</td>\n",
       "      <td>0.861217</td>\n",
       "      <td>0.850219</td>\n",
       "      <td>0.837743</td>\n",
       "      <td>...</td>\n",
       "      <td>0.827599</td>\n",
       "      <td>0.464087</td>\n",
       "      <td>0.815504</td>\n",
       "      <td>0.805908</td>\n",
       "      <td>0.811936</td>\n",
       "      <td>0.833193</td>\n",
       "      <td>0.865295</td>\n",
       "      <td>0.000000</td>\n",
       "      <td>0.899246</td>\n",
       "      <td>0.803410</td>\n",
       "    </tr>\n",
       "    <tr>\n",
       "      <th>23</th>\n",
       "      <td>DLD01030</td>\n",
       "      <td>0.820360</td>\n",
       "      <td>0.804417</td>\n",
       "      <td>0.863830</td>\n",
       "      <td>0.858159</td>\n",
       "      <td>0.745565</td>\n",
       "      <td>0.920197</td>\n",
       "      <td>0.930787</td>\n",
       "      <td>0.770021</td>\n",
       "      <td>0.843707</td>\n",
       "      <td>...</td>\n",
       "      <td>0.906777</td>\n",
       "      <td>0.901858</td>\n",
       "      <td>0.860695</td>\n",
       "      <td>0.849416</td>\n",
       "      <td>0.840381</td>\n",
       "      <td>0.903566</td>\n",
       "      <td>0.837692</td>\n",
       "      <td>0.899246</td>\n",
       "      <td>0.000000</td>\n",
       "      <td>0.699890</td>\n",
       "    </tr>\n",
       "    <tr>\n",
       "      <th>24</th>\n",
       "      <td>PDD01031</td>\n",
       "      <td>0.746483</td>\n",
       "      <td>0.811758</td>\n",
       "      <td>0.797867</td>\n",
       "      <td>0.837424</td>\n",
       "      <td>0.713093</td>\n",
       "      <td>0.721925</td>\n",
       "      <td>0.860567</td>\n",
       "      <td>0.677346</td>\n",
       "      <td>0.784065</td>\n",
       "      <td>...</td>\n",
       "      <td>0.815555</td>\n",
       "      <td>0.771334</td>\n",
       "      <td>0.820067</td>\n",
       "      <td>0.684266</td>\n",
       "      <td>0.683973</td>\n",
       "      <td>0.862020</td>\n",
       "      <td>0.745603</td>\n",
       "      <td>0.803410</td>\n",
       "      <td>0.699890</td>\n",
       "      <td>0.000000</td>\n",
       "    </tr>\n",
       "  </tbody>\n",
       "</table>\n",
       "<p>25 rows × 26 columns</p>\n",
       "</div>"
      ],
      "text/plain": [
       "   Unnamed: 0  PRK01002  SMG01004  SMG01005  LPK01006  RRM01008  RSM01009  \\\n",
       "0    PRK01002  0.000000  0.777017  0.801919  0.618927  0.667686  0.766784   \n",
       "1    SMG01004  0.777017  0.000000  0.785479  0.833486  0.694997  0.841260   \n",
       "2    SMG01005  0.801919  0.785479  0.000000  0.829599  0.780841  0.902801   \n",
       "3    LPK01006  0.618927  0.833486  0.829599  0.000000  0.832352  0.889879   \n",
       "4    RRM01008  0.667686  0.694997  0.780841  0.832352  0.000000  0.754065   \n",
       "5    RSM01009  0.766784  0.841260  0.902801  0.889879  0.754065  0.000000   \n",
       "6    MSY01012  0.874892  0.893230  0.883239  0.839374  0.851838  0.906089   \n",
       "7    YRB01013  0.681794  0.803500  0.783784  0.829230  0.671650  0.804302   \n",
       "8    MML01014  0.721466  0.804863  0.855406  0.855852  0.770938  0.767956   \n",
       "9    RRG01015  0.598091  0.795815  0.830084  0.666068  0.816320  0.893855   \n",
       "10   AEO01016  0.880932  0.891688  0.882194  0.876230  0.896187  0.853724   \n",
       "11   AR001017  0.877453  0.899500  0.900074  0.880321  0.894173  0.832696   \n",
       "12   EMS01018  0.708174  0.743207  0.762222  0.839731  0.727341  0.816600   \n",
       "13   APA01019  0.748483  0.734847  0.720396  0.839438  0.733305  0.846740   \n",
       "14   MRK01020  0.731929  0.772073  0.763356  0.863970  0.635622  0.819532   \n",
       "15   SSM01021  0.865130  0.869858  0.826898  0.909492  0.856795  0.884679   \n",
       "16   TSY01022  0.826528  0.871323  0.863715  0.889535  0.752485  0.816422   \n",
       "17   DBM01024  0.643320  0.842624  0.851659  0.674479  0.832174  0.818537   \n",
       "18   VHW01025  0.765828  0.806494  0.807323  0.885329  0.714176  0.785938   \n",
       "19   SMG01026  0.772633  0.808661  0.814039  0.896060  0.733395  0.803971   \n",
       "20   KSS01027  0.892300  0.922975  0.900252  0.829000  0.911136  0.922083   \n",
       "21   KRL01028  0.788411  0.790106  0.745145  0.861166  0.745489  0.816244   \n",
       "22   PBB01029  0.877109  0.876727  0.882220  0.874382  0.858758  0.879454   \n",
       "23   DLD01030  0.820360  0.804417  0.863830  0.858159  0.745565  0.920197   \n",
       "24   PDD01031  0.746483  0.811758  0.797867  0.837424  0.713093  0.721925   \n",
       "\n",
       "    MSY01012  YRB01013  MML01014  ...  SSM01021  TSY01022  DBM01024  VHW01025  \\\n",
       "0   0.874892  0.681794  0.721466  ...  0.865130  0.826528  0.643320  0.765828   \n",
       "1   0.893230  0.803500  0.804863  ...  0.869858  0.871323  0.842624  0.806494   \n",
       "2   0.883239  0.783784  0.855406  ...  0.826898  0.863715  0.851659  0.807323   \n",
       "3   0.839374  0.829230  0.855852  ...  0.909492  0.889535  0.674479  0.885329   \n",
       "4   0.851838  0.671650  0.770938  ...  0.856795  0.752485  0.832174  0.714176   \n",
       "5   0.906089  0.804302  0.767956  ...  0.884679  0.816422  0.818537  0.785938   \n",
       "6   0.000000  0.796669  0.804162  ...  0.792896  0.869272  0.823533  0.841094   \n",
       "7   0.796669  0.000000  0.629709  ...  0.858006  0.774418  0.817900  0.670783   \n",
       "8   0.804162  0.629709  0.000000  ...  0.812497  0.817442  0.756996  0.798083   \n",
       "9   0.907848  0.797140  0.791507  ...  0.889178  0.860274  0.628562  0.845899   \n",
       "10  0.844548  0.879390  0.772391  ...  0.856362  0.905987  0.783058  0.891140   \n",
       "11  0.811082  0.879403  0.798045  ...  0.822947  0.908447  0.805704  0.891077   \n",
       "12  0.832581  0.655885  0.776380  ...  0.816052  0.756818  0.835755  0.599926   \n",
       "13  0.868214  0.710430  0.796159  ...  0.821137  0.786257  0.788500  0.700082   \n",
       "14  0.840100  0.611778  0.758488  ...  0.801384  0.734911  0.805526  0.647449   \n",
       "15  0.792896  0.858006  0.812497  ...  0.000000  0.780407  0.784154  0.805844   \n",
       "16  0.869272  0.774418  0.817442  ...  0.780407  0.000000  0.800607  0.667457   \n",
       "17  0.823533  0.817900  0.756996  ...  0.784154  0.800607  0.000000  0.849098   \n",
       "18  0.841094  0.670783  0.798083  ...  0.805844  0.667457  0.849098  0.000000   \n",
       "19  0.872802  0.686216  0.823954  ...  0.817263  0.702210  0.878103  0.155414   \n",
       "20  0.573100  0.844038  0.759188  ...  0.688548  0.894352  0.815326  0.911875   \n",
       "21  0.893549  0.775310  0.824616  ...  0.787799  0.827700  0.855827  0.756130   \n",
       "22  0.861217  0.850219  0.837743  ...  0.827599  0.464087  0.815504  0.805908   \n",
       "23  0.930787  0.770021  0.843707  ...  0.906777  0.901858  0.860695  0.849416   \n",
       "24  0.860567  0.677346  0.784065  ...  0.815555  0.771334  0.820067  0.684266   \n",
       "\n",
       "    SMG01026  KSS01027  KRL01028  PBB01029  DLD01030  PDD01031  \n",
       "0   0.772633  0.892300  0.788411  0.877109  0.820360  0.746483  \n",
       "1   0.808661  0.922975  0.790106  0.876727  0.804417  0.811758  \n",
       "2   0.814039  0.900252  0.745145  0.882220  0.863830  0.797867  \n",
       "3   0.896060  0.829000  0.861166  0.874382  0.858159  0.837424  \n",
       "4   0.733395  0.911136  0.745489  0.858758  0.745565  0.713093  \n",
       "5   0.803971  0.922083  0.816244  0.879454  0.920197  0.721925  \n",
       "6   0.872802  0.573100  0.893549  0.861217  0.930787  0.860567  \n",
       "7   0.686216  0.844038  0.775310  0.850219  0.770021  0.677346  \n",
       "8   0.823954  0.759188  0.824616  0.837743  0.843707  0.784065  \n",
       "9   0.858732  0.891523  0.791737  0.894110  0.813771  0.768632  \n",
       "10  0.916208  0.784422  0.889140  0.865295  0.908243  0.862849  \n",
       "11  0.914092  0.799638  0.894122  0.917062  0.869998  0.867041  \n",
       "12  0.624943  0.897092  0.746687  0.839540  0.777935  0.661531  \n",
       "13  0.708824  0.887202  0.733407  0.838724  0.833040  0.706403  \n",
       "14  0.682202  0.872458  0.717643  0.851302  0.754932  0.654611  \n",
       "15  0.817263  0.688548  0.787799  0.827599  0.906777  0.815555  \n",
       "16  0.702210  0.894352  0.827700  0.464087  0.901858  0.771334  \n",
       "17  0.878103  0.815326  0.855827  0.815504  0.860695  0.820067  \n",
       "18  0.155414  0.911875  0.756130  0.805908  0.849416  0.684266  \n",
       "19  0.000000  0.912270  0.748624  0.811936  0.840381  0.683973  \n",
       "20  0.912270  0.000000  0.851991  0.833193  0.903566  0.862020  \n",
       "21  0.748624  0.851991  0.000000  0.865295  0.837692  0.745603  \n",
       "22  0.811936  0.833193  0.865295  0.000000  0.899246  0.803410  \n",
       "23  0.840381  0.903566  0.837692  0.899246  0.000000  0.699890  \n",
       "24  0.683973  0.862020  0.745603  0.803410  0.699890  0.000000  \n",
       "\n",
       "[25 rows x 26 columns]"
      ]
     },
     "execution_count": 12,
     "metadata": {},
     "output_type": "execute_result"
    }
   ],
   "source": [
    "\n",
    "Bray_curtis_data = pd.read_table(os.path.join(beta_path, \"bray_curtis_distance_matrix_qza\\distance-matrix.tsv\"),sep='\\t')\n",
    "\n",
    "Bray_curtis_data\n"
   ]
  },
  {
   "cell_type": "code",
   "execution_count": 16,
   "metadata": {},
   "outputs": [
    {
     "data": {
