Taxonomy	Lactobacillus	Bacteroides	Prevotella	Escherichia-Shigella	Klebsiella	Romboutsia	Agathobacter	Dialister	Rikenellaceae_RC9_gut_group	Alloprevotella	Others
PRK01002	0.00669062547790182	0.405694040882908	0.209104348269358	0.0129861854513942	0.00224295254116328	0.00525054799408676	0.0199444359484121	0.0440944079115053	3.82321455880104e-05	0.00556914920732018	0.28838507417
SMG01004	0.00105775602793495	0.0482744558291278	0.272811846867513	0.018351429882245	0.00140184533822705	0.00215374420145792	0.195557424682673	0.10492175154203	0.00109598817352296	0.00235764897792731	0.352016108477
SMG01005	0.0014528215323444	0.0304837640821736	0.0799561604730591	0.025844930417495	0.00147830962940307	0.00281643472498343	0.0321404903909874	0.0158408523219656	0	0.0101187745322934	0.799867461895
LPK01006	0.0029438752102768	0.466534128561962	0.0144390069837386	0.0144135188866799	0.041813223224754	0.00220472039557527	0.010896161492583	0.028266299638069	0.000293113116174746	0.00117245246469899	0.417023500025
RRM01008	0.00360656573380231	0.0537543966967426	0.388400367028598	0.0210786562675231	0.00573482183820156	0.00841107202936229	0.039162461130652	0.0917316613141663	0	0.0055054289646735	0.382614568996
RSM01009	0.256512208798491	0.025844930417495	0.499655910689708	0.00818167915583422	0.00212825610439925	0.00448590508232655	0.00229392873528062	0.0287633175307132	0	0.00028036906764541	0.171853494418
MSY01012	0.000751898863230871	0.00861497680583168	0.110185043584646	0.00700922669113524	0.236402100219198	0.217923229851659	0.00536524443085079	0.003670285976449	0	0.0607763674364072	0.349301626141
YRB01013	0.0105775602793495	0.0283555079777744	0.323660600499567	0.0143370545955039	0.0620635163378702	0.0039124228985064	0.0305092521792323	0.0955931080185553	0.000688178620584187	0.0122087984911047	0.418094000102
MML01014	0.0763495947392568	0.0324845797012795	0.365652240403731	0.012145078248458	0.00660141713819646	0.0641790283937401	0.0188357037263598	0.184903400112148	0.000586226232349493	0.00142733343528572	0.236835397869
RRG01015	0.00680532191466585	0.586583065708314	0.0387291634806545	0.00555640515879085	0.000242136922057399	0.00319875618086354	0.017217209563134	0.0253351684763216	0.0018351429882245	0.00396339909262374	0.310534230514
AEO01016	0.429104858031299	0.0113931793852271	0.0103609114543508	0.00940510781465056	0.000178416679410715	0.0556914920732018	0.00690727430290055	0.0318473772748127	0.000369577407350767	0.00266350614263139	0.442078299434
AR001017	0.634003670285976	0.0292348473262986	0.0233343528572157	0.0045368812764439	0.00300759545292348	0.115830657083142	0.00392516694703573	0.006129887342611	0.000382321455880104	0.00144007748381506	0.178174542489
EMS01018	0.022136412295458	0.0277820257939542	0.302416271601162	0.00490645868379467	0.000815619105877555	0.00558189325584952	0.0781592496304226	0.0849390834480298	0.00212825610439925	0.0718254575113422	0.39930927257
APA01019	0.0117500127440485	0.0805168986083499	0.143102920935923	0.0102589590661161	0.00224295254116328	0.00456236937350257	0.0193582097160626	0.0143115664984452	0.148557373706479	0.0828363154406892	0.482502421369
MRK01020	0.00904827445582913	0.014566447469032	0.415009940357853	0.016082989244023	0.00234490492939797	0.0383595860733038	0.0231431921292756	0.00886985777641841	0.00258704185145537	0.0248508946322068	0.445136871081
SSM01021	0.000471529795585462	0.00113422031911098	0.205179181322322	0.0707422133863486	0.00229392873528062	0.16237192231228	0.00482999439261865	0	0.00177142274557782	0.138132742009482	0.413072844981
TSY01022	0.004919202732324	0.0109216495896416	0.346192078299434	0.392503950655044	0.0139037569455064	0.00360656573380231	0.00379772646174237	0.00562012540143753	0.00063720242646684	0.0246469898557374	0.193250751899
DBM01024	0.0282025793954223	0.400175867869705	0.0404368659835857	0.0761839221083754	0.00604067900290564	0.0682316358260692	0.00395065504409441	0.0119029413264006	0.000841107202936229	0.00303308354998216	0.361000662691
VHW01025	0.00600244685731763	0.0109853698322883	0.419202732324005	0.00921394708671051	0.00779935769995412	0.0113804353366978	0.0050211551205587	0.137380843146251	0.00091757149411225	0.0219962277616353	0.37009991334
SMG01026	0.000981291736758934	0.006129887342611	0.40083855839323	0.00643574450731508	0.00443492888820921	0.00378498241321303	0.00587500637202427	0.191364632716521	0.000140184533822705	0.0151399296528521	0.364874853443
KSS01027	0.0680149870010705	0.00497017892644135	0.00827088749553958	0.00447316103379722	0.134347759596269	0.205548758729673	0.00867869704847836	0.00338991690880359	7.64642911760208e-05	0.000127440485293368	0.562101748483
KRL01028	0.00108324412499363	0.0247616862925014	0.237752969363307	0.00836009583524494	0.000828363154406892	0.00313503593821685	0.0057475658867309	0.00226844063822195	0.0107432329102309	0.000433297649997451	0.704886068206
PBB01029	0.0288652699189479	0.00314777998674619	0.11470918081256	0.490671356476525	0.00253606565733802	0.00717489932201662	0.00791405413671815	0.0214864658204618	0.000267625019116073	0.0188994239690065	0.304327878881
DLD01030	0.0169113523984299	0.0439924555232706	0.53036906764541	0.00188611918234185	0.0041545598205638	0.00530152418820411	0.0528368252026304	0.00470255390732528	5.09761941173472e-05	0.000178416679410715	0.339616149258
PDD01031	0.00745526838966203	0.0371234133659581	0.506805321914666	0.00363205383086099	0.0013508691441097	0.0148850486822654	0.0155095070602029	0.0194091859101799	0.00063720242646684	0.00973645307641332	0.383455676199
