Taxonomy	Enterobacteriaceae	Lactobacillaceae	Bacteroidaceae	Prevotellaceae	Lachnospiraceae	Peptostreptococcaceae	Veillonellaceae	Rikenellaceae	Oscillospiraceae	Erysipelatoclostridiaceae	Others
PRK01002	0.0158281082734363	0.00669062547790182	0.405694040882908	0.217222307182546	0.0899474945200591	0.00525054799408676	0.0464520568894326	0.00990212570729469	0.0124891675587501	0.0043966967426212	0.186126828771
SMG01004	0.0203140133557629	0.00105775602793495	0.0482744558291278	0.275692001835143	0.267892644135189	0.00215374420145792	0.105457001580262	0.00490645868379467	0.0439797114747413	0.00973645307641332	0.2205357598
SMG01005	0.0277820257939542	0.0014528215323444	0.0304837640821736	0.0942804710200336	0.239575368303003	0.00307131569557017	0.0162741499719631	0.0249783351175001	0.134016414334506	0.13335372381098	0.294731610338
LPK01006	0.130116735484529	0.0029438752102768	0.466534128561962	0.0341030738645053	0.0459422949482592	0.00244685731763267	0.0290564306468879	0.0375184788703675	0.0292093592292399	0.00462608961614926	0.21750267625
RRM01008	0.0310572462659938	0.00360656573380231	0.0537543966967426	0.394606718662385	0.161467094866697	0.00841107202936229	0.0924708161288678	0.00556914920732018	0.01729367385431	0.00188611918234185	0.229877147372
RSM01009	0.0114314115308151	0.256512208798491	0.025844930417495	0.500101952388235	0.0214864658204618	0.00448590508232655	0.032051282051282	0.000420553601468114	0.00118519651322832	0.000790131008818882	0.145689962787
MSY01012	0.326222154253963	0.000751898863230871	0.00861497680583168	0.171687821787225	0.0748967732069124	0.217923229851659	0.00677983381760718	0.000471529795585462	0.00344089310292094	0.0173446500484274	0.171866238467
YRB01013	0.0979380129479533	0.0105775602793495	0.0283555079777744	0.339080899220064	0.101111281031758	0.00395065504409441	0.103328745475863	0.00282917877351277	0.0349824132130295	0.00300759545292348	0.274838150584
MML01014	0.0292221032777693	0.0763495947392568	0.0324845797012795	0.368035377478717	0.0383213539277157	0.0644848855584442	0.188815823010654	0.00303308354998216	0.00597695876025896	0.00237039302645664	0.190905846969
RRG01015	0.00707294693378192	0.00680532191466585	0.586583065708314	0.0489498904011827	0.131187235560993	0.00461334556761992	0.0291456389865933	0.00286741091910078	0.0157898761278483	0.00230667278380996	0.164678595096
AEO01016	0.0121323341999286	0.429104858031299	0.0113931793852271	0.0135724116837437	0.0262399959219045	0.0556914920732018	0.0346128358056787	0.000777386960289545	0.011087322220523	0.00101952388234694	0.404368659836
AR001017	0.00842381607789162	0.634003670285976	0.0292348473262986	0.0254243768160269	0.0254626089616149	0.116238466636081	0.00838558393230361	0.00107050007646429	0.00456236937350258	0.00542896467349748	0.14176479584
EMS01018	0.00621909568231636	0.022136412295458	0.0277820257939542	0.403820665749095	0.166195136871081	0.00593872661467095	0.108235204159657	0.00395065504409441	0.056417902839374	0.00360656573380231	0.195697609216
APA01019	0.0136871081205077	0.0117500127440485	0.0805168986083499	0.231380945098639	0.0774710710098384	0.0050211551205587	0.0174848345822501	0.182035989193047	0.120074425243411	0.00760819697201407	0.252969363307
MRK01020	0.0187592394351838	0.00904827445582913	0.014566447469032	0.468560432278126	0.159096701840241	0.0383595860733038	0.0102971912117041	0.00587500637202427	0.0449864913085589	0.00547994086761482	0.224970688688
SSM01021	0.0737752969363307	0.000471529795585462	0.00113422031911098	0.357445073150839	0.0424121935056329	0.168794922771066	0	0.0018351429882245	0.00786307794260081	0.0730361421216292	0.273232400469
TSY01022	0.44119896008564	0.004919202732324	0.0109216495896416	0.37183310394046	0.0357852882703777	0.00360656573380231	0.00684355406025386	0.00186063108528317	0.00778661365142478	0.00114696436764031	0.114097466483
DBM01024	0.0948157210582658	0.0282025793954223	0.400175867869705	0.0445022174644441	0.0948029770097364	0.0683335882143039	0.0238696028954478	0.00389967884997706	0.00489371463526533	0.00312229188968752	0.233381760718
VHW01025	0.0190905846969465	0.00600244685731763	0.0109853698322883	0.46022582453994	0.0541367181526227	0.0114568996278738	0.139305194474181	0.00126166080440434	0.0607381352908192	0.00161849416322577	0.23517867156
SMG01026	0.0130499056940409	0.000981291736758934	0.006129887342611	0.440357852882704	0.0569531528776062	0.00423102411173982	0.193722281694449	0.000484273844114798	0.0745144517510323	0.00214100015292858	0.207434877912
KSS01027	0.396887903349136	0.0680149870010705	0.00497017892644135	0.00879339348524239	0.0281261151042463	0.207269205281134	0.0039124228985064	0.000203904776469389	0.00180965489116583	0.0569276647805475	0.223084569506
KRL01028	0.0115461079675791	0.00108324412499363	0.0247616862925014	0.305232706326146	0.158102666054952	0.0154712749146149	0.00291838711321813	0.0131518580822756	0.0869271550186063	0.018389662027833	0.362415252077
PBB01029	0.659198654228475	0.0288652699189479	0.00314777998674619	0.134921241780089	0.0264439006983739	0.0079650303308355	0.0383723301218331	0.000522505989702809	0.0184406382219503	0.00316052403527553	0.0789621246878
DLD01030	0.00773563745730744	0.0169113523984299	0.0439924555232706	0.531617984401285	0.128829586583066	0.00921394708671051	0.00792679818524749	0.00672885762348983	0.0328286690115716	0.00507213131467605	0.209142580415
PDD01031	0.0105265840852322	0.00745526838966203	0.0371234133659581	0.523882346943977	0.106680430239078	0.0167201916704899	0.0224167813631034	0.0157388999337309	0.0269536626395473	0.00317326808380486	0.229329153285
